[slide1.jpg]
moddate=009544b18b8ada01
width=1100
height=437
text=1;138;12;&#010;Julian Rios;Bauhaus 93;0.190119,0.191705,0.132299,6.283185;v1,4294967295,4278190080,128.000000,1.000000,0.000000,1.000000,400,0,49152;;
textactive=1
